0	0	0	0.00000000
0	0	1	-4.93918952
0	0	2	-0.48834753
0	1	0	0.00000000
0	1	1	-4.98891378
0	1	2	-1.12607264
0	2	0	0.00000000
0	2	1	-4.23579493
0	2	2	-1.23895986
0	3	0	0.00000000
0	3	1	-3.09941544
0	3	2	-1.69055381
0	4	0	0.00000000
0	4	1	-0.27220977
0	4	2	-2.83995892
0	5	0	0.00000000
0	5	1	-2.51862252
0	5	2	-1.13023182
0	6	0	0.00000000
0	6	1	-3.08677175
0	6	2	-3.32375360
1	0	0	0.00000000
1	0	1	-4.74244046
1	0	2	-1.92162976
1	1	0	0.00000000
1	1	1	-3.93804709
1	1	2	-0.40648334
1	2	0	0.00000000
1	2	1	-3.47482224
1	2	2	-2.58259692
1	3	0	0.00000000
1	3	1	-2.90633199
1	3	2	-2.25579305
1	4	0	0.00000000
1	4	1	-3.01389289
1	4	2	-0.81563332
1	5	0	0.00000000
1	5	1	-2.51247867
1	5	2	-3.92422739
1	6	0	0.00000000
1	6	1	-4.22144596
1	6	2	-0.29860808
2	0	0	0.00000000
2	0	1	-1.12504084
2	0	2	-2.80375232
2	1	0	0.00000000
2	1	1	-3.96469088
2	1	2	-4.95020490
2	2	0	0.00000000
2	2	1	-2.71734185
2	2	2	-0.72712608
2	3	0	0.00000000
2	3	1	-0.47451889
2	3	2	-0.20651254
2	4	0	0.00000000
2	4	1	-3.55417015
2	4	2	-3.54315713
2	5	0	0.00000000
2	5	1	-2.64428460
2	5	2	-4.48404293
2	6	0	0.00000000
2	6	1	-0.40181364
2	6	2	-1.73253138
3	0	0	0.00000000
3	0	1	-3.54405873
3	0	2	-4.57768247
3	1	0	0.00000000
3	1	1	-0.17612130
3	1	2	-3.72140178
3	2	0	0.00000000
3	2	1	-3.12006756
3	2	2	-4.20641083
3	3	0	0.00000000
3	3	1	-1.63413353
3	3	2	-1.93820886
3	4	0	0.00000000
3	4	1	-1.64158348
3	4	2	-3.16130295
3	5	0	0.00000000
3	5	1	-4.29468703
3	5	2	-0.20090435
3	6	0	0.00000000
3	6	1	-2.77407584
3	6	2	-4.37847020
4	0	0	0.00000000
4	0	1	-4.83555523
4	0	2	-2.51636570
4	1	0	0.00000000
4	1	1	-1.74180325
4	1	2	-2.12730685
4	2	0	0.00000000
4	2	1	-0.75380098
4	2	2	-1.36801459
4	3	0	0.00000000
4	3	1	-4.04024022
4	3	2	-0.31849912
4	4	0	0.00000000
4	4	1	-1.53075470
4	4	2	-1.85452364
4	5	0	0.00000000
4	5	1	-4.69734128
4	5	2	-3.07620757
4	6	0	0.00000000
4	6	1	-0.53264652
4	6	2	-4.98939352
5	0	0	0.00000000
5	0	1	-4.56710275
5	0	2	-3.23748718
5	1	0	0.00000000
5	1	1	-2.12700534
5	1	2	-0.79212089
5	2	0	0.00000000
5	2	1	-3.14638926
5	2	2	-3.39576128
5	3	0	0.00000000
5	3	1	-4.64256352
5	3	2	-0.74261525
5	4	0	0.00000000
5	4	1	-1.62454161
5	4	2	-0.27783833
5	5	0	0.00000000
5	5	1	-3.73632979
5	5	2	-0.01379382
5	6	0	0.00000000
5	6	1	-4.66309413
5	6	2	-0.77219108
6	0	0	0.00000000
6	0	1	-2.13559128
6	0	2	-0.63402327
6	1	0	0.00000000
6	1	1	-1.02663569
6	1	2	-2.37934759
6	2	0	0.00000000
6	2	1	-3.84946080
6	2	2	-2.46476250
6	3	0	0.00000000
6	3	1	-3.08093258
6	3	2	-0.37199369
6	4	0	0.00000000
6	4	1	-1.52284112
6	4	2	-3.87761950
6	5	0	0.00000000
6	5	1	-4.87975938
6	5	2	-0.39722653
6	6	0	0.00000000
6	6	1	-1.46529720
6	6	2	-3.69122707
7	0	0	0.00000000
7	0	1	-0.67747344
7	0	2	-3.92224766
7	1	0	0.00000000
7	1	1	-1.01475266
7	1	2	-4.59214691
7	2	0	0.00000000
7	2	1	-3.08676133
7	2	2	-4.14141987
7	3	0	0.00000000
7	3	1	-0.34802292
7	3	2	-2.01883991
7	4	0	0.00000000
7	4	1	-2.81428539
7	4	2	-0.89072477
7	5	0	0.00000000
7	5	1	-2.01302038
7	5	2	-3.08176694
7	6	0	0.00000000
7	6	1	-2.64830988
7	6	2	-3.31107526
8	0	0	0.00000000
8	0	1	-4.26823430
8	0	2	-1.60884285
8	1	0	0.00000000
8	1	1	-0.23696671
8	1	2	-3.74385239
8	2	0	0.00000000
8	2	1	-1.21035315
8	2	2	-4.55739797
8	3	0	0.00000000
8	3	1	-0.30901811
8	3	2	-2.65708455
8	4	0	0.00000000
8	4	1	-4.86840261
8	4	2	-4.57173759
8	5	0	0.00000000
8	5	1	-0.92283785
8	5	2	-3.28242061
8	6	0	0.00000000
8	6	1	-1.25380770
8	6	2	-0.73743013
9	0	0	0.00000000
9	0	1	-1.37064129
9	0	2	-0.23950414
9	1	0	0.00000000
9	1	1	-4.75455742
9	1	2	-2.67154123
9	2	0	0.00000000
9	2	1	-3.53001876
9	2	2	-1.78923760
9	3	0	0.00000000
9	3	1	-4.89415273
9	3	2	-4.62457078
9	4	0	0.00000000
9	4	1	-0.14908712
9	4	2	-1.40908854
9	5	0	0.00000000
9	5	1	-1.48478133
9	5	2	-3.19637439
9	6	0	0.00000000
9	6	1	-2.54507058
9	6	2	-2.25315771
10	0	0	0.00000000
10	0	1	-4.41649432
10	0	2	-3.13025384
10	1	0	0.00000000
10	1	1	-2.72030237
10	1	2	-1.33261300
10	2	0	0.00000000
10	2	1	-3.61590774
10	2	2	-4.21099478
10	3	0	0.00000000
10	3	1	-3.14154951
10	3	2	-1.25624153
10	4	0	0.00000000
10	4	1	-1.14738587
10	4	2	-1.09259101
10	5	0	0.00000000
10	5	1	-3.06339614
10	5	2	-0.05214354
10	6	0	0.00000000
10	6	1	-2.60569862
10	6	2	-3.22474456
11	0	0	0.00000000
11	0	1	-4.91094148
11	0	2	-3.48595433
11	1	0	0.00000000
11	1	1	-0.32636411
11	1	2	-3.53249050
11	2	0	0.00000000
11	2	1	-1.84775641
11	2	2	-1.02465438
11	3	0	0.00000000
11	3	1	-3.15053283
11	3	2	-1.84206541
11	4	0	0.00000000
11	4	1	-1.03175444
11	4	2	-3.88486732
11	5	0	0.00000000
11	5	1	-2.62246255
11	5	2	-3.65265810
11	6	0	0.00000000
11	6	1	-2.61846925
11	6	2	-2.57363622
12	0	0	-4.29486274
12	0	1	0.00000000
12	0	2	-3.37387495
12	1	0	-1.64879247
12	1	1	0.00000000
12	1	2	-3.64799869
12	2	0	-3.57535337
12	2	1	0.00000000
12	2	2	-4.05580725
12	3	0	-2.50948643
12	3	1	0.00000000
12	3	2	-2.33814275
12	4	0	-0.86482958
12	4	1	0.81307656
12	4	2	-0.43428128
12	5	0	-1.87335712
12	5	1	0.00000000
12	5	2	-4.38350903
12	6	0	2.90331927
12	6	1	0.00000000
12	6	2	-0.84123034
13	0	0	-2.96203955
13	0	1	0.00000000
13	0	2	-1.85691339
13	1	0	-1.12692016
13	1	1	0.00000000
13	1	2	-4.17355598
13	2	0	-2.28579737
13	2	1	0.00000000
13	2	2	-1.50180987
13	3	0	-1.05401542
13	3	1	0.00000000
13	3	2	-4.43044422
13	4	0	1.60901386
13	4	1	2.04307386
13	4	2	1.41408997
13	5	0	0.33649340
13	5	1	0.00000000
13	5	2	-0.16099506
13	6	0	1.68435820
13	6	1	0.00000000
13	6	2	-2.04535856
14	0	0	-2.88479582
14	0	1	0.00000000
14	0	2	-4.77719826
14	1	0	-2.14297502
14	1	1	0.00000000
14	1	2	-2.50547884
14	2	0	-1.83311095
14	2	1	0.00000000
14	2	2	0.35190511
14	3	0	-1.22349202
14	3	1	0.78653883
14	3	2	-1.60749564
14	4	0	2.23639520
14	4	1	2.59684792
14	4	2	1.86600102
14	5	0	-0.70276583
14	5	1	0.00000000
14	5	2	-4.79719813
14	6	0	-1.30376008
14	6	1	0.00000000
14	6	2	-0.83505955
15	0	0	-1.57346368
15	0	1	0.00000000
15	0	2	-0.83760478
15	1	0	-0.89510401
15	1	1	0.00000000
15	1	2	-1.05684775
15	2	0	0.90733251
15	2	1	1.13215129
15	2	2	0.40857739
15	3	0	-1.17195456
15	3	1	2.41220757
15	3	2	-1.33207507
15	4	0	-2.34889138
15	4	1	2.86205160
15	4	2	0.99875539
15	5	0	-0.09684582
15	5	1	0.00000000
15	5	2	-3.35221703
15	6	0	-2.60056348
15	6	1	0.00000000
15	6	2	-0.82140406
16	0	0	-0.00027617
16	0	1	0.00000000
16	0	2	-3.79468608
16	1	0	-0.46482741
16	1	1	0.00000000
16	1	2	-4.43257945
16	2	0	2.75077797
16	2	1	1.73378693
16	2	2	2.34334524
16	3	0	-3.76133218
16	3	1	2.64144465
16	3	2	-1.00492302
16	4	0	0.11333593
16	4	1	2.16377476
16	4	2	0.80045371
16	5	0	0.79964704
16	5	1	0.00000000
16	5	2	-2.10888451
16	6	0	-3.25554681
16	6	1	0.00000000
16	6	2	-2.59609193
17	0	0	-2.62861376
17	0	1	0.00000000
17	0	2	-4.54486321
17	1	0	-0.18210103
17	1	1	0.00000000
17	1	2	-3.59814412
17	2	0	3.74219113
17	2	1	3.50233372
17	2	2	3.19310946
17	3	0	-3.15179276
17	3	1	1.08433500
17	3	2	-0.51428935
17	4	0	-2.36630586
17	4	1	0.00000000
17	4	2	0.22787317
17	5	0	1.52913640
17	5	1	0.00000000
17	5	2	-4.02989562
17	6	0	-1.99604939
17	6	1	0.00000000
17	6	2	-3.61266173
18	0	0	-2.04689128
18	0	1	0.00000000
18	0	2	-2.36928178
18	1	0	-2.32427625
18	1	1	0.00000000
18	1	2	-0.30257637
18	2	0	0.48799226
18	2	1	0.68284276
18	2	2	-2.85145360
18	3	0	-3.55920538
18	3	1	0.00000000
18	3	2	-3.51827790
18	4	0	-2.99152112
18	4	1	0.00000000
18	4	2	-0.96247191
18	5	0	-1.21957450
18	5	1	0.00000000
18	5	2	-2.62297789
18	6	0	1.39450911
18	6	1	0.00000000
18	6	2	-0.88325577
19	0	0	-1.76982960
19	0	1	-3.34349770
19	0	2	0.00000000
19	1	0	2.36539975
19	1	1	-2.46902514
19	1	2	0.00000000
19	2	0	-2.56804147
19	2	1	-2.56026163
19	2	2	0.00000000
19	3	0	-1.73777610
19	3	1	-2.62420230
19	3	2	0.00000000
19	4	0	-2.39868851
19	4	1	-3.21463833
19	4	2	0.00000000
19	5	0	-1.74793198
19	5	1	-0.90398843
19	5	2	0.00000000
19	6	0	-2.29025744
19	6	1	-4.65750402
19	6	2	0.00000000
20	0	0	-0.20190315
20	0	1	-1.52700099
20	0	2	0.00000000
20	1	0	-1.55944681
20	1	1	-1.18249805
20	1	2	0.00000000
20	2	0	-3.19157578
20	2	1	-3.63218038
20	2	2	0.00000000
20	3	0	-3.95487692
20	3	1	-3.46546674
20	3	2	0.00000000
20	4	0	-3.30825172
20	4	1	-2.93199147
20	4	2	0.00000000
20	5	0	-3.61232336
20	5	1	-4.22213936
20	5	2	0.00000000
20	6	0	-0.38378677
20	6	1	-0.95120773
20	6	2	0.00000000
21	0	0	-4.10753807
21	0	1	-3.50050179
21	0	2	0.00000000
21	1	0	0.26061208
21	1	1	-3.20319504
21	1	2	0.00000000
21	2	0	-4.20120433
21	2	1	-2.02948136
21	2	2	0.00000000
21	3	0	-4.22713578
21	3	1	-3.44143371
21	3	2	0.00000000
21	4	0	-3.96895300
21	4	1	-3.65499480
21	4	2	0.00000000
21	5	0	-3.75460817
21	5	1	-4.33745782
21	5	2	0.00000000
21	6	0	-1.25921201
21	6	1	-4.69256265
21	6	2	0.00000000
22	0	0	-0.72990263
22	0	1	-3.93660160
22	0	2	0.00000000
22	1	0	-4.33918898
22	1	1	-4.13040640
22	1	2	0.00000000
22	2	0	-4.36387470
22	2	1	-2.95324719
22	2	2	0.00000000
22	3	0	-4.19333892
22	3	1	-2.26554549
22	3	2	0.00000000
22	4	0	-3.44920723
22	4	1	-1.95155305
22	4	2	0.00000000
22	5	0	-2.23348446
22	5	1	-3.49846734
22	5	2	0.00000000
22	6	0	-2.22841210
22	6	1	-1.52266823
22	6	2	0.00000000
23	0	0	-2.68550962
23	0	1	-0.72202018
23	0	2	0.00000000
23	1	0	-4.73991763
23	1	1	-4.19849719
23	1	2	0.00000000
23	2	0	-3.55772674
23	2	1	-2.81175116
23	2	2	0.00000000
23	3	0	-4.29371623
23	3	1	-2.33477646
23	3	2	0.00000000
23	4	0	-4.16426833
23	4	1	-0.34558611
23	4	2	0.00000000
23	5	0	-3.87315347
23	5	1	-4.32687963
23	5	2	0.00000000
23	6	0	-3.89887704
23	6	1	-1.55813611
23	6	2	0.00000000
24	0	0	-4.86594057
24	0	1	-1.73715196
24	0	2	0.00000000
24	1	0	-3.03763455
24	1	1	-2.44358236
24	1	2	0.00000000
24	2	0	-4.44598251
24	2	1	-0.13344204
24	2	2	0.00000000
24	3	0	-3.04103306
24	3	1	-4.04912291
24	3	2	0.00000000
24	4	0	-4.30539033
24	4	1	-4.97664501
24	4	2	0.00000000
24	5	0	-2.01242644
24	5	1	-0.64237809
24	5	2	0.00000000
24	6	0	-3.21150872
24	6	1	-3.78691155
24	6	2	0.00000000
25	0	0	-4.76777878
25	0	1	-2.80565950
25	0	2	0.00000000
25	1	0	-1.89373746
25	1	1	-3.58399461
25	1	2	0.00000000
25	2	0	-4.21596722
25	2	1	-2.26242665
25	2	2	0.00000000
25	3	0	-4.34635583
25	3	1	-4.18892515
25	3	2	0.00000000
25	4	0	-4.12108791
25	4	1	-0.06388878
25	4	2	0.00000000
25	5	0	-2.53922038
25	5	1	-1.71709982
25	5	2	0.00000000
25	6	0	-4.05599462
25	6	1	-2.91310160
25	6	2	0.00000000
26	0	0	-3.40118156
26	0	1	-1.11042301
26	0	2	0.00000000
26	1	0	-0.21595347
26	1	1	-3.85766636
26	1	2	0.00000000
26	2	0	-3.05936362
26	2	1	-3.89118062
26	2	2	0.00000000
26	3	0	-4.74112942
26	3	1	-4.46106112
26	3	2	0.00000000
26	4	0	-4.50684347
26	4	1	-3.29578662
26	4	2	0.00000000
26	5	0	-1.05901936
26	5	1	-4.96080005
26	5	2	0.00000000
26	6	0	-4.32647650
26	6	1	-3.75601370
26	6	2	0.00000000
27	0	0	-3.50516134
27	0	1	-2.78455480
27	0	2	0.00000000
27	1	0	-3.28838638
27	1	1	-2.19353053
27	1	2	0.00000000
27	2	0	-4.85428316
27	2	1	-2.61068152
27	2	2	0.00000000
27	3	0	-4.74658104
27	3	1	-2.30301835
27	3	2	0.00000000
27	4	0	-4.39740821
27	4	1	-3.07249066
27	4	2	0.00000000
27	5	0	-3.98171890
27	5	1	-2.32912290
27	5	2	0.00000000
27	6	0	-4.63435050
27	6	1	-0.90066461
27	6	2	0.00000000
28	0	0	-3.97813483
28	0	1	-0.96788634
28	0	2	0.00000000
28	1	0	-1.48711336
28	1	1	-0.81780345
28	1	2	0.00000000
28	2	0	-5.55373938
28	2	1	-4.70873811
28	2	2	0.00000000
28	3	0	-4.16196139
28	3	1	-4.87572818
28	3	2	0.00000000
28	4	0	-2.44834474
28	4	1	-3.74096571
28	4	2	0.00000000
28	5	0	-0.56773767
28	5	1	-0.01346626
28	5	2	0.00000000
28	6	0	-1.76163609
28	6	1	-4.01211933
28	6	2	0.00000000
29	0	0	-4.64956770
29	0	1	-1.16025357
29	0	2	0.00000000
29	1	0	-2.23856587
29	1	1	-0.78784956
29	1	2	0.00000000
29	2	0	-4.13751308
29	2	1	-1.59882292
29	2	2	0.00000000
29	3	0	-2.33805128
29	3	1	-0.46360915
29	3	2	0.00000000
29	4	0	-4.94337824
29	4	1	-0.02164816
29	4	2	0.00000000
29	5	0	-4.28649962
29	5	1	-1.01749845
29	5	2	0.00000000
29	6	0	-4.60944312
29	6	1	-3.22981688
29	6	2	0.00000000
30	0	0	-0.92903603
30	0	1	-0.94217218
30	0	2	0.00000000
30	1	0	-3.08938515
30	1	1	-3.39640981
30	1	2	0.00000000
30	2	0	-5.91396119
30	2	1	-3.33356471
30	2	2	0.00000000
30	3	0	-4.32353477
30	3	1	-4.58936916
30	3	2	0.00000000
30	4	0	-2.52551379
30	4	1	-4.57650488
30	4	2	0.00000000
30	5	0	-1.50268727
30	5	1	-1.53602361
30	5	2	0.00000000
30	6	0	-4.52174160
30	6	1	-4.87648276
30	6	2	0.0000000
